ActiveViews = {View3D,View2DR,ViewTra,View2DZ};

View3D_Type           = View3D;
View3D_Label          = "3D";
View3D_VertexShader  = "/rsc/Shaders/Default.vert";
View3D_FragmentShader= "/rsc/Shaders/Default.frag";
View3D_Cam_Pos_Phi    = 0;
View3D_Cam_Pos_R      = 2500;
View3D_Animate_Rotate = true;
View3D_Animate_dphi   = 0.005;
View3D_ShowDet        = true;
View3D_Geom           = {0};

View2DZ_Type          = View2D;
View2DZ_Label         = "2D (RZ)";
View2DZ_VertexShader  = "/rsc/Shaders/View_RZ.vert";
View2DZ_FragmentShader= "/rsc/Shaders/Default.frag";
View2DZ_Cam_Pos_Phi   = 0;
View2DZ_Cam_Pos_R     = 1300;
View2DZ_Slice_Depth   = 500;
View2DZ_Geom          = {
302056708, 302056712, 302056716, 302056720, 302056724, 302056728, 302056732, 302056736, 302059524, 302059528, 302059532, 302059536, 302059540, 302059544, 302059548, 302059552, 302123012, 302123016, 302123020, 302123024, 302123028, 302123032, 302123036, 302123040, 302127364, 302127368, 302127372, 302127376, 302127380, 302127384, 302127388, 302127392, 302189316, 302189320, 302189324, 302189328, 302189332, 302189336, 302189340, 302189344, 302195204, 302195208, 302195212, 302195216, 302195220, 302195224, 302195228, 302195232,  //PIB
352393476, 352393480, 352393732, 352393736, 352406788, 352406792, 352406796, 352407044, 352407048, 352459012, 352459016, 352459268, 352459272, 352472324, 352472328, 352472332, 352472580, 352472584, 344004868, 344004872, 344005124, 344005128, 344018180, 344018184, 344018188, 344018436, 344018440, 344070404, 344070408, 344070660, 344070664, 344083716, 344083720, 344083724, 344083972, 344083976, //PIE

369120374, 369120372, 369120378, 369120376, 369120382, 369120380, 369124470, 369124468, 369124474, 369124472, 369124478, 369124476, 369121414, 369121412, 369121418, 369121416, 369121422, 369121420, 369125510, 369125508, 369125514, 369125512, 369125518, 369125516, 369120581, 369120585, 369120589, 369124677, 369124681, 369124685, 369121653, 369121657, 369121661, 369125749, 369125753, 369125757, 369136789, 369136793, 369136797, 369140885, 369140889, 369140893, 369137829, 369137833, 369137837, 369141925, 369141929, 369141933, 369137062, 369137060, 369137066, 369137064, 369137070, 369137068, 369141158, 369141156, 369141162, 369141160, 369141166, 369141164, 369138134, 369138132, 369138138, 369138136, 369138142, 369138140, 369142230, 369142228, 369142234, 369142232, 369142238, 369142236, 369153204, 369153208, 369153212, 369157300, 369157304, 369157308, 369154244, 369154248, 369154252, 369158340, 369158344, 369158348, 369170052, 369170056, 369170060, 369174148, 369174152, 369174156, 369171124, 369171128, 369171132, 369175220, 369175224, 369175228,

402672402, 402672401, 402672400, 402672426, 402672425, 402672424, 402672914, 402672913, 402672912, 402672938, 402672937, 402672936, 402673432, 402673472, 402674450, 402674449, 402674448, 402674474, 402674473, 402674472, 402674962, 402674961, 402674960, 402674986, 402674985, 402674984, 402675480, 402675520, 402676498, 402676497, 402676496, 402676522, 402676521, 402676520, 402677010, 402677009, 402677008, 402677034, 402677033, 402677032, 402677528, 402677568, 402664210, 402664209, 402664208, 402664234, 402664233, 402664232, 402664722, 402664721, 402664720, 402664746, 402664745, 402664744, 402665240, 402665280, 402666258, 402666257, 402666256, 402666282, 402666281, 402666280, 402666770, 402666769, 402666768, 402666794, 402666793, 402666792, 402667288, 402667328, 402668306, 402668305, 402668304, 402668330, 402668329, 402668328, 402668818, 402668817, 402668816, 402668842, 402668841, 402668840, 402669336, 402669376, //TID

436228422, 436228421, 436228420, 436228426, 436228425, 436228424, 436228430, 436228429, 436228428, 436228434, 436228433, 436228432, 436228438, 436228437, 436228436, 436228442, 436228441, 436228440, 436232518, 436232517, 436232516, 436232522, 436232521, 436232520, 436232526, 436232525, 436232524, 436232530, 436232529, 436232528, 436232534, 436232533, 436232532, 436232538, 436232537, 436232536, 436229126, 436229125, 436229124, 436229130, 436229129, 436229128, 436229134, 436229133, 436229132, 436229138, 436229137, 436229136, 436229142, 436229141, 436229140, 436229146, 436229145, 436229144, 436233222, 436233221, 436233220, 436233226, 436233225, 436233224, 436233230, 436233229, 436233228, 436233234, 436233233, 436233232, 436233238, 436233237, 436233236, 436233242, 436233241, 436233240, 436229158, 436229157, 436229156, 436229162, 436229161, 436229160, 436229166, 436229165, 436229164, 436229170, 436229169, 436229168, 436229174, 436229173, 436229172, 436229178, 436229177, 436229176, 436233254, 436233253, 436233252, 436233258, 436233257, 436233256, 436233262, 436233261, 436233260, 436233266, 436233265, 436233264, 436233270, 436233269, 436233268, 436233274, 436233273, 436233272, 436244842, 436244841, 436244840, 436244850, 436244849, 436244848, 436244858, 436244857, 436244856, 436248934, 436248933, 436248932, 436248942, 436248941, 436248940, 436248950, 436248949, 436248948, 436244870, 436244869, 436244868, 436244874, 436244873, 436244872, 436244878, 436244877, 436244876, 436244882, 436244881, 436244880, 436244886, 436244885, 436244884, 436244890, 436244889, 436244888, 436248966, 436248965, 436248964, 436248970, 436248969, 436248968, 436248974, 436248973, 436248972, 436248978, 436248977, 436248976, 436248982, 436248981, 436248980, 436248986, 436248985, 436248984, 436245670, 436245669, 436245668, 436245674, 436245673, 436245672, 436245678, 436245677, 436245676, 436245682, 436245681, 436245680, 436245686, 436245685, 436245684, 436245690, 436245689, 436245688, 436249766, 436249765, 436249764, 436249770, 436249769, 436249768, 436249774, 436249773, 436249772, 436249778, 436249777, 436249776, 436249782, 436249781, 436249780, 436249786, 436249785, 436249784, 436245702, 436245701, 436245700, 436245706, 436245705, 436245704, 436245710, 436245709, 436245708, 436245714, 436245713, 436245712, 436245718, 436245717, 436245716, 436245722, 436245721, 436245720, 436249798, 436249797, 436249796, 436249802, 436249801, 436249800, 436249806, 436249805, 436249804, 436249810, 436249809, 436249808, 436249814, 436249813, 436249812, 436249818, 436249817, 436249816, 436261252, 436261256, 436261260, 436261264, 436261268, 436261272, 436265348, 436265352, 436265356, 436265360, 436265364, 436265368, 436261284, 436261288, 436261292, 436261296, 436261300, 436261304, 436265380, 436265384, 436265388, 436265392, 436265396, 436265400, 436262180, 436262184, 436262188, 436262192, 436262196, 436262200, 436266276, 436266280, 436266284, 436266288, 436266292, 436266296, 436262212, 436262216, 436262220, 436262224, 436262228, 436262232, 436266308, 436266312, 436266316, 436266320, 436266324, 436266328, 436277732, 436277736, 436277740, 436277744, 436277748, 436277752, 436281828, 436281832, 436281836, 436281840, 436281844, 436281848, 436278724, 436278728, 436278732, 436278736, 436278740, 436278744, 436282820, 436282824, 436282828, 436282832, 436282836, 436282840, 436278756, 436278760, 436278764, 436278768, 436278772, 436278776, 436282852, 436282856, 436282860, 436282864, 436282868, 436282872, 436294148, 436294152, 436294156, 436294160, 436294164, 436294168, 436298244, 436298248, 436298252, 436298256, 436298260, 436298264, 436295236, 436295240, 436295244, 436295248, 436295252, 436295256, 436299332, 436299336, 436299340, 436299344, 436299348, 436299352, 436295268, 436295272, 436295276, 436295280, 436295284, 436295288, 436299364, 436299368, 436299372, 436299376, 436299380, 436299384, 436310596, 436310600, 436310604, 436310608, 436310612, 436310616, 436314692, 436314696, 436314700, 436314704, 436314708, 436314712, 436310628, 436310632, 436310636, 436310640, 436310644, 436310648, 436314724, 436314728, 436314732, 436314736, 436314740, 436314744, 436311844, 436311848, 436311852, 436311856, 436311860, 436311864, 436315940, 436315944, 436315948, 436315952, 436315956, 436315960, //TOB

470311718, 470311717, 470311716, 470311722, 470311721, 470311720, 470312742, 470312741, 470312740, 470312746, 470312745, 470312744, 470311750, 470311749, 470311748, 470311754, 470311753, 470311752, 470312774, 470312773, 470312772, 470312778, 470312777, 470312776, 470311784, 470312808, 470311816, 470311820, 470312840, 470312844, 470311880, 470311884, 470312904, 470312908, 470311916, 470312940, 470328102, 470328101, 470328100, 470328106, 470328105, 470328104, 470329126, 470329125, 470329124, 470329130, 470329129, 470329128, 470328134, 470328133, 470328132, 470328138, 470328137, 470328136, 470329158, 470329157, 470329156, 470329162, 470329161, 470329160, 470328168, 470329192, 470328200, 470328204, 470329224, 470329228, 470328264, 470328268, 470329288, 470329292, 470328300, 470329324, 470344486, 470344485, 470344484, 470344490, 470344489, 470344488, 470345510, 470345509, 470345508, 470345514, 470345513, 470345512, 470344518, 470344517, 470344516, 470344522, 470344521, 470344520, 470345542, 470345541, 470345540, 470345546, 470345545, 470345544, 470344552, 470345576, 470344584, 470344588, 470345608, 470345612, 470344648, 470344652, 470345672, 470345676, 470344684, 470345708, 470360902, 470360901, 470360900, 470360906, 470360905, 470360904, 470361926, 470361925, 470361924, 470361930, 470361929, 470361928, 470360936, 470361960, 470360968, 470360972, 470361992, 470361996, 470361032, 470361036, 470362056, 470362060, 470361068, 470362092, 470377286, 470377285, 470377284, 470377290, 470377289, 470377288, 470378310, 470378309, 470378308, 470378314, 470378313, 470378312, 470377320, 470378344, 470377352, 470377356, 470378376, 470378380, 470377416, 470377420, 470378440, 470378444, 470377452, 470378476, 470393670, 470393669, 470393668, 470393674, 470393673, 470393672, 470394694, 470394693, 470394692, 470394698, 470394697, 470394696, 470393704, 470394728, 470393736, 470393740, 470394760, 470394764, 470393800, 470393804, 470394824, 470394828, 470393836, 470394860, 470410088, 470411112, 470410120, 470410124, 470411144, 470411148, 470410184, 470410188, 470411208, 470411212, 470410220, 470411244, 470426472, 470427496, 470426504, 470426508, 470427528, 470427532, 470426568, 470426572, 470427592, 470427596, 470426604, 470427628, 470442888, 470442892, 470443912, 470443916, 470442952, 470442956, 470443976, 470443980, 470442988, 470444012, 470049574, 470049573, 470049572, 470049578, 470049577, 470049576, 470050598, 470050597, 470050596, 470050602, 470050601, 470050600, 470049606, 470049605, 470049604, 470049610, 470049609, 470049608, 470050630, 470050629, 470050628, 470050634, 470050633, 470050632, 470049640, 470050664, 470049672, 470049676, 470050696, 470050700, 470049736, 470049740, 470050760, 470050764, 470049772, 470050796, 470065958, 470065957, 470065956, 470065962, 470065961, 470065960, 470066982, 470066981, 470066980, 470066986, 470066985, 470066984, 470065990, 470065989, 470065988, 470065994, 470065993, 470065992, 470067014, 470067013, 470067012, 470067018, 470067017, 470067016, 470066024, 470067048, 470066056, 470066060, 470067080, 470067084, 470066120, 470066124, 470067144, 470067148, 470066156, 470067180, 470082342, 470082341, 470082340, 470082346, 470082345, 470082344, 470083366, 470083365, 470083364, 470083370, 470083369, 470083368, 470082374, 470082373, 470082372, 470082378, 470082377, 470082376, 470083398, 470083397, 470083396, 470083402, 470083401, 470083400, 470082408, 470083432, 470082440, 470082444, 470083464, 470083468, 470082504, 470082508, 470083528, 470083532, 470082540, 470083564, 470098758, 470098757, 470098756, 470098762, 470098761, 470098760, 470099782, 470099781, 470099780, 470099786, 470099785, 470099784, 470098792, 470099816, 470098824, 470098828, 470099848, 470099852, 470098888, 470098892, 470099912, 470099916, 470098924, 470099948, 470115142, 470115141, 470115140, 470115146, 470115145, 470115144, 470116166, 470116165, 470116164, 470116170, 470116169, 470116168, 470115176, 470116200, 470115208, 470115212, 470116232, 470116236, 470115272, 470115276, 470116296, 470116300, 470115308, 470116332, 470131526, 470131525, 470131524, 470131530, 470131529, 470131528, 470132550, 470132549, 470132548, 470132554, 470132553, 470132552, 470131560, 470132584, 470131592, 470131596, 470132616, 470132620, 470131656, 470131660, 470132680, 470132684, 470131692, 470132716, 470147944, 470148968, 470147976, 470147980, 470149000, 470149004, 470148040, 470148044, 470149064, 470149068, 470148076, 470149100, 470164328, 470165352, 470164360, 470164364, 470165384, 470165388, 470164424, 470164428, 470165448, 470165452, 470164460, 470165484, 470180744, 470180748, 470181768, 470181772, 470180808, 470180812, 470181832, 470181836, 470180844, 470181868, //TEC


//12110104,  12110110,  12110204,  12110210,  12110304,  12110310,  12110404,  12110414,
//12120104,  12120110,  12120204,  12120210,  12120304,  12120310,  12120404,  12120414,
//12130104,  12130110,  12130204,  12130210,  12130304,  12130310,  12130404,  12130414,
//12140104,  12140110,  12140204,  12140210,  12140304,  12140310,  12140404,  12140414,
//12150104,  12150110,  12150204,  12150210,  12150304,  12150310,  12150404,  12150414, //DT

575700992, 575733760, 575766528, 575799296, 575832064, 577273856, 577306624, 577339392, 577372160, 577404928, 579895296, 579928064, 579960832, 579993600, 580026368, 581468160, 581500928, 581533696, 581566464, 581599232, 584089600, 584122368, 584155136, 584187904, 584220672, 585662464, 585695232, 585728000, 585760768, 585793536, 588283904, 588316672, 588349440, 588382208, 588414976, 589856768, 589889536, 589922304, 589955072, 589987840, 590905344, 590938112, 590970880, 591003648, 591036416,  // DT

//604017736, 604017737, 604017738, 604017739, 604017740, 604017741, 604017742, 604017752, 604017753, 604017754, 604017755, 604017756, 604017757, //604017758, 604017880, 604017881, 604017882, 604017883, 604017884, 604017885, 604017886, 604017896, 604017897, 604017898, 604017899, 604017900, //604017901, 604017902, 604017728, 604017729, 604017730, 604017731, 604017732, 604017733, 604017734, 604017744, 604017745, 604017746, 604017747, //604017748, 604017749, 604017750, 604017760, 604017761, 604017762, 604017763, 604017764, 604017765, 604017766, 604017872, 604017873, 604017874, //604017875, 604017876, 604017877, 604017878, 604017888, 604017889, 604017890, 604017891, 604017892, 604017893, 604017894, 604017904, 604017905, //604017906, 604017907, 604017908, 604017909, 604017910, 604017224, 604017225, 604017226, 604017227, 604017228, 604017229, 604017230, 604017240, //604017241, 604017242, 604017243, 604017244, 604017245, 604017246, 604017368, 604017369, 604017370, 604017371, 604017372, 604017373, 604017374, //604017384, 604017385, 604017386, 604017387, 604017388, 604017389, 604017390, 604017216, 604017217, 604017218, 604017219, 604017220, 604017221, //604017222, 604017232, 604017233, 604017234, 604017235, 604017236, 604017237, 604017238, 604017248, 604017249, 604017250, 604017251, 604017252, //604017253, 604017254, 604017360, 604017361, 604017362, 604017363, 604017364, 604017365, 604017366, 604017376, 604017377, 604017378, 604017379, //604017380, 604017381, 604017382, 604017392, 604017393, 604017394, 604017395, 604017396, 604017397, 604017398, 604018248, 604018249, 604018250, //604018251, 604018252, 604018253, 604018254, 604018264, 604018265, 604018266, 604018267, 604018268, 604018269, 604018270, 604018392, 604018393, //604018394, 604018395, 604018396, 604018397, 604018398, 604018408, 604018409, 604018410, 604018411, 604018412, 604018413, 604018414, 604018256, //604018257, 604018258, 604018259, 604018260, 604018261, 604018262, 604018400, 604018401, 604018402, 604018403, 604018404, 604018405, 604018406, //604018768, 604018769, 604018770, 604018771, 604018772, 604018773, 604018774, 604018912, 604018913, 604018914, 604018915, 604018916, 604018917, //604018918, 604021288, 604021289, 604021290, 604021291, 604021292, 604021293, 604021294, 604021368, 604021369, 604021370, 604021371, 604021372, //604021373, 604021374, 604021296, 604021297, 604021298, 604021299, 604021300, 604021301, 604021302, 604021360, 604021361, 604021362, 604021363, //604021364, 604021365, 604021366, 604021840, 604021841, 604021842, 604021843, 604021844, 604021845, 604021846, 604021984, 604021985, 604021986, //604021987, 604021988, 604021989, 604021990, 604025384, 604025385, 604025386, 604025387, 604025388, 604025389, 604025390, 604025464, 604025465, //604025466, 604025467, 604025468, 604025469, 604025470, 604025392, 604025393, 604025394, 604025395, 604025396, 604025397, 604025398, 604025456, //604025457, 604025458, 604025459, 604025460, 604025461, 604025462, 604025936, 604025937, 604025938, 604025939, 604025940, 604025941, 604025942, //604026080, 604026081, 604026082, 604026083, 604026084, 604026085, 604026086, 604029480, 604029481, 604029482, 604029483, 604029484, 604029485, //604029486, 604029560, 604029561, 604029562, 604029563, 604029564, 604029565, 604029566, 604029488, 604029489, 604029490, 604029491, 604029492, //604029493, 604029494, 604029552, 604029553, 604029554, 604029555, 604029556, 604029557, 604029558, 604050504, 604050505, 604050506, 604050507, //604050508, 604050509, 604050510, 604050520, 604050521, 604050522, 604050523, 604050524, 604050525, 604050526, 604050648, 604050649, 604050650, //604050651, 604050652, 604050653, 604050654, 604050664, 604050665, 604050666, 604050667, 604050668, 604050669, 604050670, 604050496, 604050497, //604050498, 604050499, 604050500, 604050501, 604050502, 604050512, 604050513, 604050514, 604050515, 604050516, 604050517, 604050518, 604050528, //604050529, 604050530, 604050531, 604050532, 604050533, 604050534, 604050640, 604050641, 604050642, 604050643, 604050644, 604050645, 604050646, //604050656, 604050657, 604050658, 604050659, 604050660, 604050661, 604050662, 604050672, 604050673, 604050674, 604050675, 604050676, 604050677, //604050678, 604049992, 604049993, 604049994, 604049995, 604049996, 604049997, 604049998, 604050008, 604050009, 604050010, 604050011, 604050012, //604050013, 604050014, 604050136, 604050137, 604050138, 604050139, 604050140, 604050141, 604050142, 604050152, 604050153, 604050154, 604050155, //604050156, 604050157, 604050158, 604049984, 604049985, 604049986, 604049987, 604049988, 604049989, 604049990, 604050000, 604050001, 604050002, //604050003, 604050004, 604050005, 604050006, 604050016, 604050017, 604050018, 604050019, 604050020, 604050021, 604050022, 604050128, 604050129, //604050130, 604050131, 604050132, 604050133, 604050134, 604050144, 604050145, 604050146, 604050147, 604050148, 604050149, 604050150, 604050160, //604050161, 604050162, 604050163, 604050164, 604050165, 604050166, 604051016, 604051017, 604051018, 604051019, 604051020, 604051021, 604051022, //604051032, 604051033, 604051034, 604051035, 604051036, 604051037, 604051038, 604051160, 604051161, 604051162, 604051163, 604051164, 604051165, //604051166, 604051176, 604051177, 604051178, 604051179, 604051180, 604051181, 604051182, 604051024, 604051025, 604051026, 604051027, 604051028, //604051029, 604051030, 604051168, 604051169, 604051170, 604051171, 604051172, 604051173, 604051174, 604051536, 604051537, 604051538, 604051539, //604051540, 604051541, 604051542, 604051680, 604051681, 604051682, 604051683, 604051684, 604051685, 604051686, 604054056, 604054057, 604054058, //604054059, 604054060, 604054061, 604054062, 604054136, 604054137, 604054138, 604054139, 604054140, 604054141, 604054142, 604054064, 604054065, //604054066, 604054067, 604054068, 604054069, 604054070, 604054128, 604054129, 604054130, 604054131, 604054132, 604054133, 604054134, 604054608, //604054609, 604054610, 604054611, 604054612, 604054613, 604054614, 604054752, 604054753, 604054754, 604054755, 604054756, 604054757, 604054758, //604058152, 604058153, 604058154, 604058155, 604058156, 604058157, 604058158, 604058232, 604058233, 604058234, 604058235, 604058236, 604058237, //604058238, 604058160, 604058161, 604058162, 604058163, 604058164, 604058165, 604058166, 604058224, 604058225, 604058226, 604058227, 604058228, //604058229, 604058230, 604058704, 604058705, 604058706, 604058707, 604058708, 604058709, 604058710, 604058848, 604058849, 604058850, 604058851, //604058852, 604058853, 604058854, 604062248, 604062249, 604062250, 604062251, 604062252, 604062253, 604062254, 604062328, 604062329, 604062330, //604062331, 604062332, 604062333, 604062334, 604062256, 604062257, 604062258, 604062259, 604062260, 604062261, 604062262, 604062320, 604062321, //604062322, 604062323, 604062324, 604062325, 604062326, //CSC


604017736, 604017752, 604017880, 604017896, 604017728, 604017744, 604017760, 604017872, 604017888, 604017904, 604017224, 604017240, 604017368, 604017384, 604017216, 604017232, 604017248, 604017360, 604017376, 604017392, 604018248, 604018264, 604018392, 604018408, 604018256, 604018400, 604018768, 604018912, 604021288, 604021368, 604021296, 604021360, 604021840, 604021984, 604025384, 604025464, 604025392, 604025456, 604025936, 604026080, 604029480, 604029560, 604029488, 604029552, 604050504, 604050520, 604050648, 604050664, 604050496, 604050512, 604050528, 604050640, 604050656, 604050672, 604049992, 604050008, 604050136, 604050152, 604049984, 604050000, 604050016, 604050128, 604050144, 604050160, 604051016, 604051032, 604051160, 604051176, 604051024, 604051168, 604051536, 604051680, 604054056, 604054136, 604054064, 604054128, 604054608, 604054752, 604058152, 604058232, 604058160, 604058224, 604058704, 604058848, 604062248, 604062328, 604062256, 604062320, //CSC

838861412, 838861924, 838862436, 838862948, 838863460, 838861593, 838862105, 838862617, 838863129, 838863641, 838863972, 838864484, 838864996, 838865508, 838866020, 838864153, 838864665, 838865177, 838865689, 838866201, 838866532, 838867044, 838867556, 838868068, 838868580, 838866713, 838867225, 838867737, 838868249, 838868761, 838869092, 838869604, 838870116, 838870628, 838871140, 838869273, 838869785, 838870297, 838870809, 838871321, 838871652, 838872164, 838872676, 838873188, 838873700, 838871833, 838872345, 838872857, 838873369, 838873881, 838874212, 838874724, 838875236, 838875748, 838876260, 838874393, 838874905, 838875417, 838875929, 838876441, 838876772, 838877284, 838877796, 838878308, 838878820, 838876953, 838877465, 838877977, 838878489, 838879001, 838879332, 838879844, 838880356, 838880868, 838881380, 838879513, 838880025, 838880537, 838881049, 838881561, 838881892, 838882404, 838882916, 838883428, 838883940, 838882073, 838882585, 838883097, 838883609, 838884121, 838884452, 838884964, 838885476, 838885988, 838886500, 838884633, 838885145, 838885657, 838886169, 838886681, 838887012, 838887524, 838888036, 838888548, 838889060, 838887193, 838887705, 838888217, 838888729, 838889241, 838889572, 838890084, 838890596, 838891108, 838891620, 838889753, 838890265, 838890777, 838891289, 838891801, 838892132, 838892644, 838893156, 838893668, 838894180, 838892313, 838892825, 838893337, 838893849, 838894361, 838894692, 838895204, 838895716, 838896228, 838896740, 838894873, 838895385, 838895897, 838896409, 838896921, 838897252, 838897764, 838898276, 838898788, 838899300, 838897433, 838897945, 838898457, 838898969, 838899481, 838899812, 838900324, 838900836, 838901348, 838901860, 838899993, 838900505, 838901017, 838901529, 838902041, 838902372, 838902884, 838903396, 838903908, 838904420, 838902553, 838903065, 838903577, 838904089, 838904601, 838926948, 838927460, 838927972, 838928484, 838928996, 838927129, 838927641, 838928153, 838928665, 838929177, 838929508, 838930020, 838930532, 838931044, 838931556, 838929689, 838930201, 838930713, 838931225, 838931737, 838932068, 838932580, 838933092, 838933604, 838934116, 838932249, 838932761, 838933273, 838933785, 838934297, 838934628, 838935140, 838935652, 838936164, 838936676, 838934809, 838935321, 838935833, 838936345, 838936857, 838937188, 838937700, 838938212, 838938724, 838939236, 838937369, 838937881, 838938393, 838938905, 838939417, 838939748, 838940260, 838940772, 838941284, 838941796, 838939929, 838940441, 838940953, 838941465, 838941977, 838942308, 838942820, 838943332, 838943844, 838944356, 838942489, 838943001, 838943513, 838944025, 838944537, 838944868, 838945380, 838945892, 838946404, 838946916, 838945049, 838945561, 838946073, 838946585, 838947097, 838947428, 838947940, 838948452, 838948964, 838949476, 838947609, 838948121, 838948633, 838949145, 838949657, 838949988, 838950500, 838951012, 838951524, 838952036, 838950169, 838950681, 838951193, 838951705, 838952217, 838952548, 838953060, 838953572, 838954084, 838954596, 838952729, 838953241, 838953753, 838954265, 838954777, 838955108, 838955620, 838956132, 838956644, 838957156, 838955289, 838955801, 838956313, 838956825, 838957337, 838957668, 838958180, 838958692, 838959204, 838959716, 838957849, 838958361, 838958873, 838959385, 838959897, 838960228, 838960740, 838961252, 838961764, 838962276, 838960409, 838960921, 838961433, 838961945, 838962457, 838962788, 838963300, 838963812, 838964324, 838964836, 838962969, 838963481, 838963993, 838964505, 838965017, 838965348, 838965860, 838966372, 838966884, 838967396, 838965529, 838966041, 838966553, 838967065, 838967577, 838967908, 838968420, 838968932, 838969444, 838969956, 838968089, 838968601, 838969113, 838969625, 838970137, //EB

872421761, 872421762, 872421763, 872421764, 872421765, 872421766, 872421767, 872421768, 872421769, 872421770, 872421771, 872421772, 872421773, 872421774, 872421775, 872421776, 872421777, 872421778, 872421779, 872421780, 872421781, 872421782, 872421783, 872421784, 872421785, 872421786, 872421787, 872421788, 872421789, 872421790, 872421791, 872421792, 872421793, 872421794, 872421795, 872421796, 872421797, 872421798, 872421799, 872421822, 872421823, 872421824, 872421825, 872421826, 872421827, 872421828, 872421829, 872421830, 872421831, 872421832, 872421833, 872421834, 872421835, 872421836, 872421837, 872421838, 872421839, 872421840, 872421841, 872421842, 872421843, 872421844, 872421845, 872421846, 872421847, 872421848, 872421849, 872421850, 872421851, 872421852, 872421853, 872421854, 872421855, 872421856, 872421857, 872421858, 872421859, 872421860, 872438145, 872438146, 872438147, 872438148, 872438149, 872438150, 872438151, 872438152, 872438153, 872438154, 872438155, 872438156, 872438157, 872438158, 872438159, 872438160, 872438161, 872438162, 872438163, 872438164, 872438165, 872438166, 872438167, 872438168, 872438169, 872438170, 872438171, 872438172, 872438173, 872438174, 872438175, 872438176, 872438177, 872438178, 872438179, 872438180, 872438181, 872438182, 872438183, 872438206, 872438207, 872438208, 872438209, 872438210, 872438211, 872438212, 872438213, 872438214, 872438215, 872438216, 872438217, 872438218, 872438219, 872438220, 872438221, 872438222, 872438223, 872438224, 872438225, 872438226, 872438227, 872438228, 872438229, 872438230, 872438231, 872438232, 872438233, 872438234, 872438235, 872438236, 872438237, 872438238, 872438239, 872438240, 872438241, 872438242, 872438243, 872438244, //EE

1107312786, 1107312823, 1107312914, 1107312951, 1107313042, 1107313079, 1107313170, 1107313207, 1107313298, 1107313335, 1107313426, 1107313463, 1107313554, 1107313591, 1107313682, 1107313719, 1107313810, 1107313847, 1107313938, 1107313975, 1107314066, 1107314103, 1107314194, 1107314231, 1107314322, 1107314359, 1107314450, 1107314487, 1107314578, 1107314615, 1107314706, 1107331090, 1107314743, 1107331127, 1107320978, 1107321015, 1107321106, 1107321143, 1107321234, 1107321271, 1107321362, 1107321399, 1107321490, 1107321527, 1107321618, 1107321655, 1107321746, 1107321783, 1107321874, 1107321911, 1107322002, 1107322039, 1107322130, 1107322167, 1107322258, 1107322295, 1107322386, 1107322423, 1107322514, 1107322551, 1107322642, 1107322679, 1107322770, 1107322807, 1107322898, 1107339282, 1107322935, 1107339319, //HB

1140869266, 1140869303, 1140869394, 1140885778, 1140869431, 1140885815, 1140869522, 1140885906, 1140869559, 1140885943, 1140869650, 1140886034, 1140869687, 1140886071, 1140869777, 1140886161, 1140869815, 1140886199, 1140869905, 1140886289, 1140869943, 1140886327, 1140870033, 1140886417, 1140870071, 1140886455, 1140870161, 1140886545, 1140870199, 1140886583, 1140870289, 1140886673, 1140870327, 1140886711, 1140870417, 1140886801, 1140870455, 1140886839, 1140870543, 1140870545, 1140886929, 1140903313, 1140870583, 1140886967, 1140903351, 1140870671, 1140887055, 1140903439, 1140870673, 1140887057, 1140903441, 1140870711, 1140887095, 1140903479, 1140870713, 1140887097, 1140903481, 1140870799, 1140887183, 1140870801, 1140887185, 1140870839, 1140887223, 1140870841, 1140887225, 1140901906, 1140901943, 1140877458, 1140877495, 1140877586, 1140893970, 1140877623, 1140894007, 1140877714, 1140894098, 1140877751, 1140894135, 1140877842, 1140894226, 1140877879, 1140894263, 1140877969, 1140894353, 1140878007, 1140894391, 1140878097, 1140894481, 1140878135, 1140894519, 1140878225, 1140894609, 1140878263, 1140894647, 1140878353, 1140894737, 1140878391, 1140894775, 1140878481, 1140894865, 1140878519, 1140894903, 1140878609, 1140894993, 1140878647, 1140895031, 1140878737, 1140895121, 1140911505, 1140878775, 1140895159, 1140911543, 1140878777, 1140878863, 1140895247, 1140911631, 1140878865, 1140895249, 1140911633, 1140878903, 1140895287, 1140911671, 1140878905, 1140895289, 1140911673, 1140878991, 1140895375, 1140878993, 1140895377, 1140879031, 1140895415, 1140879033, 1140895417, 1140910098, 1140910135, //HE

1174470802, 1174470839, 1174470930, 1174470967, 1174471058, 1174471095, 1174471186, 1174471223, 1174471314, 1174471351, 1174471442, 1174471479, 1174471570, 1174471607, 1174471698, 1174471735, 1174471826, 1174471863, 1174471954, 1174471991, 1174472082, 1174472119, 1174472210, 1174472247, 1174472338, 1174472375, 1174472466, 1174472503, 1174472594, 1174472631, 1174478994, 1174479031, 1174479122, 1174479159, 1174479250, 1174479287, 1174479378, 1174479415, 1174479506, 1174479543, 1174479634, 1174479671, 1174479762, 1174479799, 1174479890, 1174479927, 1174480018, 1174480055, 1174480146, 1174480183, 1174480274, 1174480311, 1174480402, 1174480439, 1174480530, 1174480567, 1174480658, 1174480695, 1174480786, 1174480823, //HO

1207979665, 1207996049, 1207979703, 1207996087, 1207979793, 1207996177, 1207979831, 1207996215, 1207979921, 1207996305, 1207979959, 1207996343, 1207980049, 1207996433, 1207980087, 1207996471, 1207980177, 1207996561, 1207980215, 1207996599, 1207980303, 1207996687, 1207980305, 1207996689, 1207980343, 1207996727, 1207980345, 1207996729, 1207980431, 1207996815, 1207980433, 1207996817, 1207980471, 1207996855, 1207980473, 1207996857, 1207980559, 1207996943, 1207980561, 1207996945, 1207980599, 1207996983, 1207980601, 1207996985, 1207980685, 1207997069, 1207980687, 1207997071, 1207980689, 1207997073, 1207980727, 1207997111, 1207980729, 1207997113, 1207980731, 1207997115, 1207980811, 1207997195, 1207980813, 1207997197, 1207980815, 1207997199, 1207980817, 1207997201, 1207980855, 1207997239, 1207980857, 1207997241, 1207980859, 1207997243, 1207980861, 1207980939, 1207997323, 1207980941, 1207997325, 1207980943, 1207997327, 1207980945, 1207997329, 1207980983, 1207997367, 1207980985, 1207997369, 1207980987, 1207997371, 1207980989, 1207997373, 1207981063, 1207997447, 1207981067, 1207997451, 1207981071, 1207997455, 1207981111, 1207997495, 1207981115, 1207997499, 1207981119, 1207997503, 1207981187, 1207997571, 1207981191, 1207997575, 1207981195, 1207997579, 1207981199, 1207997583, 1207981239, 1207997623, 1207981243, 1207997627, 1207981247, 1207997631, 1207981251, 1207997635, 1207981255, 1207997639, 1207987857, 1208004241, 1207987895, 1208004279, 1207987985, 1208004369, 1207988023, 1208004407, 1207988113, 1208004497, 1207988151, 1208004535, 1207988241, 1208004625, 1207988279, 1208004663, 1207988369, 1208004753, 1207988407, 1208004791, 1207988495, 1208004879, 1207988497, 1208004881, 1207988535, 1208004919, 1207988537, 1208004921, 1207988623, 1208005007, 1207988625, 1208005009, 1207988663, 1208005047, 1207988665, 1208005049, 1207988751, 1208005135, 1207988753, 1208005137, 1207988791, 1208005175, 1207988793, 1208005177, 1207988877, 1208005261, 1207988879, 1208005263, 1207988881, 1208005265, 1207988919, 1208005303, 1207988921, 1208005305, 1207988923, 1208005307, 1207989003, 1207989005, 1208005389, 1207989007, 1208005391, 1207989009, 1208005393, 1207989047, 1208005431, 1207989049, 1208005433, 1207989051, 1208005435, 1207989053, 1208005437, 1207989131, 1208005515, 1207989133, 1208005517, 1207989135, 1208005519, 1207989137, 1208005521, 1207989175, 1208005559, 1207989177, 1208005561, 1207989179, 1208005563, 1207989181, 1208005565, 1207989255, 1208005639, 1207989259, 1208005643, 1207989263, 1208005647, 1207989303, 1208005687, 1207989307, 1208005691, 1207989311, 1208005695, 1207989379, 1208005763, 1207989383, 1208005767, 1207989387, 1208005771, 1207989391, 1208005775, 1207989431, 1208005815, 1207989435, 1208005819, 1207989439, 1208005823, 1207989443, 1208005827, 1207989447, 1208005831 //HF
};


View2DR_Type          = View2D;
View2DR_Label         = "2D (RPhi-CMS)";
//View2DR_VertexShader  = "/rsc/Shaders/View_RPhi_Fisheye.vert";
//View2DR_FragmentShader= "/rsc/Shaders/Default.frag";
View2DR_Cam_Pos_Phi   = 1.57;
View2DR_Cam_Pos_R     = 950;
View2DR_Slice_Depth   = 1000;
View2DR_Geom          = {302055700, 302055956, 302056212, 302056468, 302056724, 302056980, 302057236, 302057492, 302057748, 302058004, 302058260, 302058516, 302058772, 302059028, 302059284, 302059540, 302059796, 302060052, 302060308, 302060564, 302121236, 302121492, 302121748, 302122004, 302122260, 302122516, 302122772, 302123028, 302123284, 302123540, 302123796, 302124052, 302124308, 302124564, 302124820, 302125076, 302125332, 302125588, 302125844, 302126100, 302126356, 302126612, 302126868, 302127124, 302127380, 302127636, 302127892, 302128148, 302128404, 302128660, 302128916, 302129172, 302186772, 302187028, 302187284, 302187540, 302187796, 302188052, 302188308, 302188564, 302188820, 302189076, 302189332, 302189588, 302189844, 302190100, 302190356, 302190612, 302190868, 302191124, 302191380, 302191636, 302191892, 302192148, 302192404, 302192660, 302192916, 302193172, 302193428, 302193684, 302193940, 302194196, 302194452, 302194708, 302194964, 302195220, 302195476, 302195732, 302195988, 302196244, 302196500, 302196756, 302197012, 302197268, 302197524, 302197780, 369120278, 369120277, 369120276, 369121302, 369121301, 369121300, 369120294, 369120293, 369120292, 369121318, 369121317, 369121316, 369120310, 369120309, 369120308, 369121334, 369121333, 369121332, 369120326, 369120325, 369120324, 369121350, 369121349, 369121348, 369120342, 369120341, 369120340, 369121366, 369121365, 369121364, 369120358, 369120357, 369120356, 369121382, 369121381, 369121380, 369120374, 369120373, 369120372, 369121398, 369121397, 369121396, 369120390, 369120389, 369120388, 369121414, 369121413, 369121412, 369120406, 369120405, 369120404, 369121430, 369121429, 369121428, 369120422, 369120421, 369120420, 369121446, 369121445, 369121444, 369120438, 369120437, 369120436, 369121462, 369121461, 369121460, 369120454, 369120453, 369120452, 369121478, 369121477, 369121476, 369120470, 369120469, 369120468, 369121494, 369121493, 369121492, 369120486, 369120485, 369120484, 369121510, 369121509, 369121508, 369120502, 369120501, 369120500, 369121526, 369121525, 369121524, 369120518, 369120517, 369120516, 369121542, 369121541, 369121540, 369120534, 369120533, 369120532, 369121558, 369121557, 369121556, 369120550, 369120549, 369120548, 369121574, 369121573, 369121572, 369120566, 369120565, 369120564, 369121590, 369121589, 369121588, 369120582, 369120581, 369120580, 369121606, 369121605, 369121604, 369120598, 369120597, 369120596, 369121622, 369121621, 369121620, 369120614, 369120613, 369120612, 369121638, 369121637, 369121636, 369120630, 369120629, 369120628, 369121654, 369121653, 369121652, 369120646, 369120645, 369120644, 369121670, 369121669, 369121668, 369120662, 369120661, 369120660, 369121686, 369121685, 369121684, 369120678, 369120677, 369120676, 369121702, 369121701, 369121700, 369121718, 369121717, 369121716, 369121734, 369121733, 369121732, 369121750, 369121749, 369121748, 369121766, 369121765, 369121764, 369137686, 369137685, 369137684, 369140758, 369140757, 369140756, 369137702, 369137701, 369137700, 369140774, 369140773, 369140772, 369137718, 369137717, 369137716, 369140790, 369140789, 369140788, 369137734, 369137733, 369137732, 369140806, 369140805, 369140804, 369137750, 369137749, 369137748, 369140822, 369140821, 369140820, 369137766, 369137765, 369137764, 369140838, 369140837, 369140836, 369137782, 369137781, 369137780, 369140854, 369140853, 369140852, 369137798, 369137797, 369137796, 369140870, 369140869, 369140868, 369137814, 369137813, 369137812, 369140886, 369140885, 369140884, 369137830, 369137829, 369137828, 369140902, 369140901, 369140900, 369137846, 369137845, 369137844, 369140918, 369140917, 369140916, 369137862, 369137861, 369137860, 369140934, 369140933, 369140932, 369137878, 369137877, 369137876, 369140950, 369140949, 369140948, 369137894, 369137893, 369137892, 369140966, 369140965, 369140964, 369137910, 369137909, 369137908, 369140982, 369140981, 369140980, 369137926, 369137925, 369137924, 369140998, 369140997, 369140996, 369137942, 369137941, 369137940, 369141014, 369141013, 369141012, 369137958, 369137957, 369137956, 369141030, 369141029, 369141028, 369137974, 369137973, 369137972, 369141046, 369141045, 369141044, 369137990, 369137989, 369137988, 369141062, 369141061, 369141060, 369138006, 369138005, 369138004, 369141078, 369141077, 369141076, 369138022, 369138021, 369138020, 369141094, 369141093, 369141092, 369138038, 369138037, 369138036, 369141110, 369141109, 369141108, 369138054, 369138053, 369138052, 369141126, 369141125, 369141124, 369138070, 369138069, 369138068, 369141142, 369141141, 369141140, 369138086, 369138085, 369138084, 369141158, 369141157, 369141156, 369138102, 369138101, 369138100, 369141174, 369141173, 369141172, 369138118, 369138117, 369138116, 369141190, 369141189, 369141188, 369138134, 369138133, 369138132, 369141206, 369141205, 369141204, 369138150, 369138149, 369138148, 369141222, 369141221, 369141220, 369138166, 369138165, 369138164, 369141238, 369141237, 369141236, 369138182, 369138181, 369138180, 369141254, 369141253, 369141252, 369138198, 369138197, 369138196, 369141270, 369141269, 369141268, 369138214, 369138213, 369138212, 369141286, 369141285, 369141284, 369138230, 369138229, 369138228, 369138246, 369138245, 369138244, 369138262, 369138261, 369138260, 369138278, 369138277, 369138276, 369153044, 369154068, 369153060, 369154084, 369153076, 369154100, 369153092, 369154116, 369153108, 369154132, 369153124, 369154148, 369153140, 369154164, 369153156, 369154180, 369153172, 369154196, 369153188, 369154212, 369153204, 369154228, 369153220, 369154244, 369153236, 369154260, 369153252, 369154276, 369153268, 369154292, 369153284, 369154308, 369153300, 369154324, 369153316, 369154340, 369153332, 369154356, 369153348, 369154372, 369153364, 369154388, 369153380, 369154404, 369153396, 369154420, 369153412, 369154436, 369153428, 369154452, 369153444, 369154468, 369153460, 369154484, 369153476, 369154500, 369153492, 369154516, 369153508, 369154532, 369153524, 369154548, 369153540, 369154564, 369153556, 369154580, 369153572, 369154596, 369153588, 369154612, 369153604, 369154628, 369153620, 369154644, 369153636, 369154660, 369153652, 369154676, 369153668, 369154692, 369153684, 369154708, 369153700, 369154724, 369153716, 369154740, 369153732, 369154756, 369154772, 369154788, 369169428, 369170452, 369169444, 369170468, 369169460, 369170484, 369169476, 369170500, 369169492, 369170516, 369169508, 369170532, 369169524, 369170548, 369169540, 369170564, 369169556, 369170580, 369169572, 369170596, 369169588, 369170612, 369169604, 369170628, 369169620, 369170644, 369169636, 369170660, 369169652, 369170676, 369169668, 369170692, 369169684, 369170708, 369169700, 369170724, 369169716, 369170740, 369169732, 369170756, 369169748, 369170772, 369169764, 369170788, 369169780, 369170804, 369169796, 369170820, 369169812, 369170836, 369169828, 369170852, 369169844, 369170868, 369169860, 369170884, 369169876, 369170900, 369169892, 369170916, 369169908, 369170932, 369169924, 369170948, 369169940, 369170964, 369169956, 369170980, 369169972, 369170996, 369169988, 369171012, 369170004, 369171028, 369170020, 369171044, 369170036, 369171060, 369170052, 369171076, 369170068, 369171092, 369170084, 369171108, 369170100, 369171124, 369170116, 369171140, 369170132, 369171156, 369170148, 369171172, 369170164, 369171188, 369170180, 369171204, 369170196, 369171220, 369170212, 369171236, 369170228, 369171252, 369170244, 369171268, 369171284, 369171300, 369171316, 369171332, 436228134, 436228133, 436228132, 436228166, 436228165, 436228164, 436228198, 436228197, 436228196, 436228230, 436228229, 436228228, 436228262, 436228261, 436228260, 436228294, 436228293, 436228292, 436228326, 436228325, 436228324, 436228358, 436228357, 436228356, 436228390, 436228389, 436228388, 436228422, 436228421, 436228420, 436228454, 436228453, 436228452, 436228486, 436228485, 436228484, 436228518, 436228517, 436228516, 436228550, 436228549, 436228548, 436228582, 436228581, 436228580, 436228614, 436228613, 436228612, 436228646, 436228645, 436228644, 436228678, 436228677, 436228676, 436228710, 436228709, 436228708, 436228742, 436228741, 436228740, 436228774, 436228773, 436228772, 436228806, 436228805, 436228804, 436228838, 436228837, 436228836, 436228870, 436228869, 436228868, 436228902, 436228901, 436228900, 436228934, 436228933, 436228932, 436228966, 436228965, 436228964, 436228998, 436228997, 436228996, 436229030, 436229029, 436229028, 436229062, 436229061, 436229060, 436229094, 436229093, 436229092, 436229126, 436229125, 436229124, 436229158, 436229157, 436229156, 436229190, 436229189, 436229188, 436229222, 436229221, 436229220, 436229254, 436229253, 436229252, 436229286, 436229285, 436229284, 436229318, 436229317, 436229316, 436229350, 436229349, 436229348, 436229382, 436229381, 436229380, 436229414, 436229413, 436229412, 436229446, 436229445, 436229444, 436244518, 436244517, 436244516, 436244550, 436244549, 436244548, 436244582, 436244581, 436244580, 436244614, 436244613, 436244612, 436244646, 436244645, 436244644, 436244678, 436244677, 436244676, 436244710, 436244709, 436244708, 436244742, 436244741, 436244740, 436244774, 436244773, 436244772, 436244806, 436244805, 436244804, 436244838, 436244837, 436244836, 436244870, 436244869, 436244868, 436244902, 436244901, 436244900, 436244934, 436244933, 436244932, 436244966, 436244965, 436244964, 436244998, 436244997, 436244996, 436245030, 436245029, 436245028, 436245062, 436245061, 436245060, 436245094, 436245093, 436245092, 436245126, 436245125, 436245124, 436245158, 436245157, 436245156, 436245190, 436245189, 436245188, 436245222, 436245221, 436245220, 436245254, 436245253, 436245252, 436245286, 436245285, 436245284, 436245318, 436245317, 436245316, 436245350, 436245349, 436245348, 436245382, 436245381, 436245380, 436245414, 436245413, 436245412, 436245446, 436245445, 436245444, 436245478, 436245477, 436245476, 436245510, 436245509, 436245508, 436245542, 436245541, 436245540, 436245574, 436245573, 436245572, 436245606, 436245605, 436245604, 436245638, 436245637, 436245636, 436245670, 436245669, 436245668, 436245702, 436245701, 436245700, 436245734, 436245733, 436245732, 436245766, 436245765, 436245764, 436245798, 436245797, 436245796, 436245830, 436245829, 436245828, 436245862, 436245861, 436245860, 436245894, 436245893, 436245892, 436245926, 436245925, 436245924, 436245958, 436245957, 436245956, 436245990, 436245989, 436245988, 436246022, 436246021, 436246020, 436260900, 436260932, 436260964, 436260996, 436261028, 436261060, 436261092, 436261124, 436261156, 436261188, 436261220, 436261252, 436261284, 436261316, 436261348, 436261380, 436261412, 436261444, 436261476, 436261508, 436261540, 436261572, 436261604, 436261636, 436261668, 436261700, 436261732, 436261764, 436261796, 436261828, 436261860, 436261892, 436261924, 436261956, 436261988, 436262020, 436262052, 436262084, 436262116, 436262148, 436262180, 436262212, 436262244, 436262276, 436262308, 436262340, 436262372, 436262404, 436262436, 436262468, 436262500, 436262532, 436262564, 436262596, 436277284, 436277316, 436277348, 436277380, 436277412, 436277444, 436277476, 436277508, 436277540, 436277572, 436277604, 436277636, 436277668, 436277700, 436277732, 436277764, 436277796, 436277828, 436277860, 436277892, 436277924, 436277956, 436277988, 436278020, 436278052, 436278084, 436278116, 436278148, 436278180, 436278212, 436278244, 436278276, 436278308, 436278340, 436278372, 436278404, 436278436, 436278468, 436278500, 436278532, 436278564, 436278596, 436278628, 436278660, 436278692, 436278724, 436278756, 436278788, 436278820, 436278852, 436278884, 436278916, 436278948, 436278980, 436279012, 436279044, 436279076, 436279108, 436279140, 436279172, 436293668, 436293700, 436293732, 436293764, 436293796, 436293828, 436293860, 436293892, 436293924, 436293956, 436293988, 436294020, 436294052, 436294084, 436294116, 436294148, 436294180, 436294212, 436294244, 436294276, 436294308, 436294340, 436294372, 436294404, 436294436, 436294468, 436294500, 436294532, 436294564, 436294596, 436294628, 436294660, 436294692, 436294724, 436294756, 436294788, 436294820, 436294852, 436294884, 436294916, 436294948, 436294980, 436295012, 436295044, 436295076, 436295108, 436295140, 436295172, 436295204, 436295236, 436295268, 436295300, 436295332, 436295364, 436295396, 436295428, 436295460, 436295492, 436295524, 436295556, 436295588, 436295620, 436295652, 436295684, 436295716, 436295748, 436310052, 436310084, 436310116, 436310148, 436310180, 436310212, 436310244, 436310276, 436310308, 436310340, 436310372, 436310404, 436310436, 436310468, 436310500, 436310532, 436310564, 436310596, 436310628, 436310660, 436310692, 436310724, 436310756, 436310788, 436310820, 436310852, 436310884, 436310916, 436310948, 436310980, 436311012, 436311044, 436311076, 436311108, 436311140, 436311172, 436311204, 436311236, 436311268, 436311300, 436311332, 436311364, 436311396, 436311428, 436311460, 436311492, 436311524, 436311556, 436311588, 436311620, 436311652, 436311684, 436311716, 436311748, 436311780, 436311812, 436311844, 436311876, 436311908, 436311940, 436311972, 436312004, 436312036, 436312068, 436312100, 436312132, 436312164, 436312196, 436312228, 436312260, 436312292, 436312324, 436312356, 436312388,
//,12150000   // DT    Should be optimized like for tracker!

//DT CHAMBERS
574980096, 576028672, 577077248, 575242240, 576290816, 577339392, 575504384, 576552960, 577601536, 575766528, 576815104, 577863680, 579174400, 580222976, 581271552, 579436544, 580485120, 581533696, 579698688, 580747264, 581795840, 579960832, 581009408, 582057984, 583368704, 584417280, 585465856, 583630848, 584679424, 585728000, 583892992, 584941568, 585990144, 584155136, 585203712, 586252288, 587563008, 587825152, 588087296, 588349440, 590708736, 588611584, 588873728, 589135872, 589398016, 589660160, 589922304, 590970880, 590184448, 590446592
,14110100   // HB    Should be optimized like for tracker!
,14310100   // HO    Should be optimized like for tracker!
};

ViewTra_Type          = View2D;
ViewTra_Label         = "2D (RPhi-Tracker)";
ViewTra_Cam_Pos_Phi   = 1.57;
ViewTra_Cam_Pos_R     = 150;
ViewTra_Slice_Depth   = 120;
ViewTra_Geom          = {302055700, 302055956, 302056212, 302056468, 302056724, 302056980, 302057236, 302057492, 302057748, 302058004, 302058260, 302058516, 302058772, 302059028, 302059284, 302059540, 302059796, 302060052, 302060308, 302060564, 302121236, 302121492, 302121748, 302122004, 302122260, 302122516, 302122772, 302123028, 302123284, 302123540, 302123796, 302124052, 302124308, 302124564, 302124820, 302125076, 302125332, 302125588, 302125844, 302126100, 302126356, 302126612, 302126868, 302127124, 302127380, 302127636, 302127892, 302128148, 302128404, 302128660, 302128916, 302129172, 302186772, 302187028, 302187284, 302187540, 302187796, 302188052, 302188308, 302188564, 302188820, 302189076, 302189332, 302189588, 302189844, 302190100, 302190356, 302190612, 302190868, 302191124, 302191380, 302191636, 302191892, 302192148, 302192404, 302192660, 302192916, 302193172, 302193428, 302193684, 302193940, 302194196, 302194452, 302194708, 302194964, 302195220, 302195476, 302195732, 302195988, 302196244, 302196500, 302196756, 302197012, 302197268, 302197524, 302197780, 369120278, 369120277, 369120276, 369121302, 369121301, 369121300, 369120294, 369120293, 369120292, 369121318, 369121317, 369121316, 369120310, 369120309, 369120308, 369121334, 369121333, 369121332, 369120326, 369120325, 369120324, 369121350, 369121349, 369121348, 369120342, 369120341, 369120340, 369121366, 369121365, 369121364, 369120358, 369120357, 369120356, 369121382, 369121381, 369121380, 369120374, 369120373, 369120372, 369121398, 369121397, 369121396, 369120390, 369120389, 369120388, 369121414, 369121413, 369121412, 369120406, 369120405, 369120404, 369121430, 369121429, 369121428, 369120422, 369120421, 369120420, 369121446, 369121445, 369121444, 369120438, 369120437, 369120436, 369121462, 369121461, 369121460, 369120454, 369120453, 369120452, 369121478, 369121477, 369121476, 369120470, 369120469, 369120468, 369121494, 369121493, 369121492, 369120486, 369120485, 369120484, 369121510, 369121509, 369121508, 369120502, 369120501, 369120500, 369121526, 369121525, 369121524, 369120518, 369120517, 369120516, 369121542, 369121541, 369121540, 369120534, 369120533, 369120532, 369121558, 369121557, 369121556, 369120550, 369120549, 369120548, 369121574, 369121573, 369121572, 369120566, 369120565, 369120564, 369121590, 369121589, 369121588, 369120582, 369120581, 369120580, 369121606, 369121605, 369121604, 369120598, 369120597, 369120596, 369121622, 369121621, 369121620, 369120614, 369120613, 369120612, 369121638, 369121637, 369121636, 369120630, 369120629, 369120628, 369121654, 369121653, 369121652, 369120646, 369120645, 369120644, 369121670, 369121669, 369121668, 369120662, 369120661, 369120660, 369121686, 369121685, 369121684, 369120678, 369120677, 369120676, 369121702, 369121701, 369121700, 369121718, 369121717, 369121716, 369121734, 369121733, 369121732, 369121750, 369121749, 369121748, 369121766, 369121765, 369121764, 369137686, 369137685, 369137684, 369140758, 369140757, 369140756, 369137702, 369137701, 369137700, 369140774, 369140773, 369140772, 369137718, 369137717, 369137716, 369140790, 369140789, 369140788, 369137734, 369137733, 369137732, 369140806, 369140805, 369140804, 369137750, 369137749, 369137748, 369140822, 369140821, 369140820, 369137766, 369137765, 369137764, 369140838, 369140837, 369140836, 369137782, 369137781, 369137780, 369140854, 369140853, 369140852, 369137798, 369137797, 369137796, 369140870, 369140869, 369140868, 369137814, 369137813, 369137812, 369140886, 369140885, 369140884, 369137830, 369137829, 369137828, 369140902, 369140901, 369140900, 369137846, 369137845, 369137844, 369140918, 369140917, 369140916, 369137862, 369137861, 369137860, 369140934, 369140933, 369140932, 369137878, 369137877, 369137876, 369140950, 369140949, 369140948, 369137894, 369137893, 369137892, 369140966, 369140965, 369140964, 369137910, 369137909, 369137908, 369140982, 369140981, 369140980, 369137926, 369137925, 369137924, 369140998, 369140997, 369140996, 369137942, 369137941, 369137940, 369141014, 369141013, 369141012, 369137958, 369137957, 369137956, 369141030, 369141029, 369141028, 369137974, 369137973, 369137972, 369141046, 369141045, 369141044, 369137990, 369137989, 369137988, 369141062, 369141061, 369141060, 369138006, 369138005, 369138004, 369141078, 369141077, 369141076, 369138022, 369138021, 369138020, 369141094, 369141093, 369141092, 369138038, 369138037, 369138036, 369141110, 369141109, 369141108, 369138054, 369138053, 369138052, 369141126, 369141125, 369141124, 369138070, 369138069, 369138068, 369141142, 369141141, 369141140, 369138086, 369138085, 369138084, 369141158, 369141157, 369141156, 369138102, 369138101, 369138100, 369141174, 369141173, 369141172, 369138118, 369138117, 369138116, 369141190, 369141189, 369141188, 369138134, 369138133, 369138132, 369141206, 369141205, 369141204, 369138150, 369138149, 369138148, 369141222, 369141221, 369141220, 369138166, 369138165, 369138164, 369141238, 369141237, 369141236, 369138182, 369138181, 369138180, 369141254, 369141253, 369141252, 369138198, 369138197, 369138196, 369141270, 369141269, 369141268, 369138214, 369138213, 369138212, 369141286, 369141285, 369141284, 369138230, 369138229, 369138228, 369138246, 369138245, 369138244, 369138262, 369138261, 369138260, 369138278, 369138277, 369138276, 369153044, 369154068, 369153060, 369154084, 369153076, 369154100, 369153092, 369154116, 369153108, 369154132, 369153124, 369154148, 369153140, 369154164, 369153156, 369154180, 369153172, 369154196, 369153188, 369154212, 369153204, 369154228, 369153220, 369154244, 369153236, 369154260, 369153252, 369154276, 369153268, 369154292, 369153284, 369154308, 369153300, 369154324, 369153316, 369154340, 369153332, 369154356, 369153348, 369154372, 369153364, 369154388, 369153380, 369154404, 369153396, 369154420, 369153412, 369154436, 369153428, 369154452, 369153444, 369154468, 369153460, 369154484, 369153476, 369154500, 369153492, 369154516, 369153508, 369154532, 369153524, 369154548, 369153540, 369154564, 369153556, 369154580, 369153572, 369154596, 369153588, 369154612, 369153604, 369154628, 369153620, 369154644, 369153636, 369154660, 369153652, 369154676, 369153668, 369154692, 369153684, 369154708, 369153700, 369154724, 369153716, 369154740, 369153732, 369154756, 369154772, 369154788, 369169428, 369170452, 369169444, 369170468, 369169460, 369170484, 369169476, 369170500, 369169492, 369170516, 369169508, 369170532, 369169524, 369170548, 369169540, 369170564, 369169556, 369170580, 369169572, 369170596, 369169588, 369170612, 369169604, 369170628, 369169620, 369170644, 369169636, 369170660, 369169652, 369170676, 369169668, 369170692, 369169684, 369170708, 369169700, 369170724, 369169716, 369170740, 369169732, 369170756, 369169748, 369170772, 369169764, 369170788, 369169780, 369170804, 369169796, 369170820, 369169812, 369170836, 369169828, 369170852, 369169844, 369170868, 369169860, 369170884, 369169876, 369170900, 369169892, 369170916, 369169908, 369170932, 369169924, 369170948, 369169940, 369170964, 369169956, 369170980, 369169972, 369170996, 369169988, 369171012, 369170004, 369171028, 369170020, 369171044, 369170036, 369171060, 369170052, 369171076, 369170068, 369171092, 369170084, 369171108, 369170100, 369171124, 369170116, 369171140, 369170132, 369171156, 369170148, 369171172, 369170164, 369171188, 369170180, 369171204, 369170196, 369171220, 369170212, 369171236, 369170228, 369171252, 369170244, 369171268, 369171284, 369171300, 369171316, 369171332, 436228134, 436228133, 436228132, 436228166, 436228165, 436228164, 436228198, 436228197, 436228196, 436228230, 436228229, 436228228, 436228262, 436228261, 436228260, 436228294, 436228293, 436228292, 436228326, 436228325, 436228324, 436228358, 436228357, 436228356, 436228390, 436228389, 436228388, 436228422, 436228421, 436228420, 436228454, 436228453, 436228452, 436228486, 436228485, 436228484, 436228518, 436228517, 436228516, 436228550, 436228549, 436228548, 436228582, 436228581, 436228580, 436228614, 436228613, 436228612, 436228646, 436228645, 436228644, 436228678, 436228677, 436228676, 436228710, 436228709, 436228708, 436228742, 436228741, 436228740, 436228774, 436228773, 436228772, 436228806, 436228805, 436228804, 436228838, 436228837, 436228836, 436228870, 436228869, 436228868, 436228902, 436228901, 436228900, 436228934, 436228933, 436228932, 436228966, 436228965, 436228964, 436228998, 436228997, 436228996, 436229030, 436229029, 436229028, 436229062, 436229061, 436229060, 436229094, 436229093, 436229092, 436229126, 436229125, 436229124, 436229158, 436229157, 436229156, 436229190, 436229189, 436229188, 436229222, 436229221, 436229220, 436229254, 436229253, 436229252, 436229286, 436229285, 436229284, 436229318, 436229317, 436229316, 436229350, 436229349, 436229348, 436229382, 436229381, 436229380, 436229414, 436229413, 436229412, 436229446, 436229445, 436229444, 436244518, 436244517, 436244516, 436244550, 436244549, 436244548, 436244582, 436244581, 436244580, 436244614, 436244613, 436244612, 436244646, 436244645, 436244644, 436244678, 436244677, 436244676, 436244710, 436244709, 436244708, 436244742, 436244741, 436244740, 436244774, 436244773, 436244772, 436244806, 436244805, 436244804, 436244838, 436244837, 436244836, 436244870, 436244869, 436244868, 436244902, 436244901, 436244900, 436244934, 436244933, 436244932, 436244966, 436244965, 436244964, 436244998, 436244997, 436244996, 436245030, 436245029, 436245028, 436245062, 436245061, 436245060, 436245094, 436245093, 436245092, 436245126, 436245125, 436245124, 436245158, 436245157, 436245156, 436245190, 436245189, 436245188, 436245222, 436245221, 436245220, 436245254, 436245253, 436245252, 436245286, 436245285, 436245284, 436245318, 436245317, 436245316, 436245350, 436245349, 436245348, 436245382, 436245381, 436245380, 436245414, 436245413, 436245412, 436245446, 436245445, 436245444, 436245478, 436245477, 436245476, 436245510, 436245509, 436245508, 436245542, 436245541, 436245540, 436245574, 436245573, 436245572, 436245606, 436245605, 436245604, 436245638, 436245637, 436245636, 436245670, 436245669, 436245668, 436245702, 436245701, 436245700, 436245734, 436245733, 436245732, 436245766, 436245765, 436245764, 436245798, 436245797, 436245796, 436245830, 436245829, 436245828, 436245862, 436245861, 436245860, 436245894, 436245893, 436245892, 436245926, 436245925, 436245924, 436245958, 436245957, 436245956, 436245990, 436245989, 436245988, 436246022, 436246021, 436246020, 436260900, 436260932, 436260964, 436260996, 436261028, 436261060, 436261092, 436261124, 436261156, 436261188, 436261220, 436261252, 436261284, 436261316, 436261348, 436261380, 436261412, 436261444, 436261476, 436261508, 436261540, 436261572, 436261604, 436261636, 436261668, 436261700, 436261732, 436261764, 436261796, 436261828, 436261860, 436261892, 436261924, 436261956, 436261988, 436262020, 436262052, 436262084, 436262116, 436262148, 436262180, 436262212, 436262244, 436262276, 436262308, 436262340, 436262372, 436262404, 436262436, 436262468, 436262500, 436262532, 436262564, 436262596, 436277284, 436277316, 436277348, 436277380, 436277412, 436277444, 436277476, 436277508, 436277540, 436277572, 436277604, 436277636, 436277668, 436277700, 436277732, 436277764, 436277796, 436277828, 436277860, 436277892, 436277924, 436277956, 436277988, 436278020, 436278052, 436278084, 436278116, 436278148, 436278180, 436278212, 436278244, 436278276, 436278308, 436278340, 436278372, 436278404, 436278436, 436278468, 436278500, 436278532, 436278564, 436278596, 436278628, 436278660, 436278692, 436278724, 436278756, 436278788, 436278820, 436278852, 436278884, 436278916, 436278948, 436278980, 436279012, 436279044, 436279076, 436279108, 436279140, 436279172, 436293668, 436293700, 436293732, 436293764, 436293796, 436293828, 436293860, 436293892, 436293924, 436293956, 436293988, 436294020, 436294052, 436294084, 436294116, 436294148, 436294180, 436294212, 436294244, 436294276, 436294308, 436294340, 436294372, 436294404, 436294436, 436294468, 436294500, 436294532, 436294564, 436294596, 436294628, 436294660, 436294692, 436294724, 436294756, 436294788, 436294820, 436294852, 436294884, 436294916, 436294948, 436294980, 436295012, 436295044, 436295076, 436295108, 436295140, 436295172, 436295204, 436295236, 436295268, 436295300, 436295332, 436295364, 436295396, 436295428, 436295460, 436295492, 436295524, 436295556, 436295588, 436295620, 436295652, 436295684, 436295716, 436295748, 436310052, 436310084, 436310116, 436310148, 436310180, 436310212, 436310244, 436310276, 436310308, 436310340, 436310372, 436310404, 436310436, 436310468, 436310500, 436310532, 436310564, 436310596, 436310628, 436310660, 436310692, 436310724, 436310756, 436310788, 436310820, 436310852, 436310884, 436310916, 436310948, 436310980, 436311012, 436311044, 436311076, 436311108, 436311140, 436311172, 436311204, 436311236, 436311268, 436311300, 436311332, 436311364, 436311396, 436311428, 436311460, 436311492, 436311524, 436311556, 436311588, 436311620, 436311652, 436311684, 436311716, 436311748, 436311780, 436311812, 436311844, 436311876, 436311908, 436311940, 436311972, 436312004, 436312036, 436312068, 436312100, 436312132, 436312164, 436312196, 436312228, 436312260, 436312292, 436312324, 436312356, 436312388};